NAME: SymmetricDistances
TYPE: TSP
COMMENT: Table of symmetric distances
DIMENSION: 32
EDGE_WEIGHT_TYPE: EXPLICIT
EDGE_WEIGHT_FORMAT: FULL_MATRIX
EDGE_WEIGHT_SECTION
0 333 57 1248 944 1998 29 606 1225 88 2312 307 1505 358 729 178 2286 196 396 461 2438 936 2300 422 178 867 576 955 603 644 1 99999
333 0 2261 1299 1222 1885 2065 435 1215 337 2169 189 1341 428 659 346 2158 223 206 316 2252 691 2160 411 340 1111 735 843 436 433 99999 1
57 2261 0 1640 2578 652 678 1850 1463 2514 345 2159 945 2688 1739 2570 455 2256 2084 2535 529 1579 373 2036 2565 23 2133 1506 1852 1832 99999 1
1248 1299 1640 0 958 1014 1888 945 231 1337 1371 1113 879 1600 679 1425 1299 1136 1105 1606 1630 1057 1348 892 1423 781 699 644 938 1003 99999 1
944 1222 2578 958 0 1969 2718 1182 1115 1006 2326 1076 1714 1244 1048 1085 2257 1001 1142 1403 2568 1499 2304 940 1088 194 592 1224 1174 1257 99999 1
1998 1885 652 1014 1969 0 1113 1451 867 2076 357 1745 586 2291 1269 2146 296 1823 1686 2190 641 1278 335 1576 2142 1785 1587 1051 1449 1457 99999 1
29 2065 678 1888 2718 1113 0 1728 1668 54 957 2020 1017 133 1719 2406 1058 2131 1932 2281 680 1391 980 1966 2400 2524 2177 1508 1733 1683 99999 1
606 435 1850 945 1182 1451 1728 0 818 125 1740 309 916 847 266 720 1726 411 237 745 1841 350 1730 257 715 1019 594 410 738 76 99999 1
1225 1215 1463 231 1115 867 1668 818 0 1311 1221 1038 654 1561 560 1394 1162 1083 1012 1530 1453 868 1201 827 1391 926 736 459 813 865 99999 1
88 337 2514 1337 1006 2076 54 125 1311 0 2386 358 1574 271 807 91 2362 258 443 399 2505 983 2374 500 91 941 664 1029 664 696 99999 1
2312 2169 345 1371 2326 357 957 1740 1221 2386 0 2043 829 2586 1585 2451 110 2129 1977 2463 337 1520 28 1891 2447 2141 1931 1357 1740 1736 99999 1
307 189 2159 1113 1076 1745 2020 309 1038 358 2043 0 1224 547 491 411 2025 114 91 494 2150 629 2033 223 406 949 556 694 308 338 99999 1
1505 1341 945 879 1714 586 1017 916 654 1574 829 1224 0 1762 795 1634 828 1316 1153 1635 935 698 822 1091 1629 1520 1210 563 917 908 99999 1
358 428 2688 1600 1244 2291 133 847 1561 271 2586 547 1762 0 1033 180 2571 479 609 253 2679 1118 2577 736 180 1197 934 1241 847 856 99999 1
729 659 1739 679 1048 1269 1719 266 560 807 1585 491 795 1033 0 879 1556 557 454 975 1729 466 1572 307 876 866 467 233 259 326 99999 1
178 346 2570 1425 1085 2146 2406 720 1394 91 2451 411 1634 180 879 0 2430 323 488 332 2561 1022 2440 576 546 1026 754 1097 718 742 99999 1
2286 2158 455 1299 2257 296 1058 1726 1162 2362 110 2025 828 2571 1556 2430 0 2107 1963 2458 447 1525 83 1864 2426 2075 1883 1334 1725 1727 99999 1
196 223 2256 1136 1001 1823 2131 411 1083 258 2129 114 1316 479 557 323 2107 0 205 480 2247 740 2118 257 319 888 522 774 408 447 99999 1
396 206 2084 1105 1142 1686 1932 237 1012 443 1977 91 1153 609 454 488 1963 205 0 521 2075 541 1968 237 482 1006 599 639 238 254 99999 1
461 316 2535 1606 1403 2190 2281 745 1530 399 2463 494 1635 253 975 332 2458 480 521 0 2527 956 2456 714 327 1326 997 1155 747 733 99999 1
2438 2252 529 1630 2568 641 680 1841 1453 2505 337 2150 935 2679 1729 2561 447 2247 2075 2527 0 1571 364 2026 2556 2378 2123 1497 1843 1823 99999 1
936 691 1579 1057 1499 1278 1391 350 868 983 1520 629 698 1118 466 1022 1525 740 541 956 1571 0 1515 604 1016 1323 908 414 356 295 99999 1
2300 2160 373 1348 2304 335 980 1730 1201 2374 28 2033 822 2577 1572 2440 83 2118 1968 2456 364 1515 0 1878 2436 2120 1914 1345 1730 1728 99999 1
422 411 2036 892 940 1576 1966 257 827 500 1891 223 1091 736 307 576 1864 257 237 714 2026 604 1878 0 572 789 370 534 250 326 99999 1
178 340 2565 1423 1088 2142 2400 715 1391 91 2447 406 1629 180 876 546 2426 319 482 327 2556 1016 2436 572 0 1028 754 1092 713 736 99999 1
867 1111 23 781 194 1785 2524 1019 926 941 2141 949 1520 1197 866 1026 2075 888 1006 1326 2378 1323 2120 789 1028 0 425 1033 1011 1095 99999 1
576 735 2133 699 592 1587 2177 594 736 664 1931 556 1210 934 467 754 1883 522 599 997 2123 908 1914 370 754 425 0 670 586 670 99999 1
955 843 1506 644 1224 1051 1508 410 459 1029 1357 694 563 1241 233 1097 1334 774 639 1155 1497 414 1345 534 1092 1033 670 0 408 436 99999 1
603 436 1852 938 1174 1449 1733 738 813 664 1740 308 917 847 259 718 1725 408 238 747 1843 356 1730 250 713 1011 586 408 0 84 99999 1
644 433 1832 1003 1257 1457 1683 76 865 696 1736 338 908 856 326 742 1727 447 254 733 1823 295 1728 326 736 1095 670 436 84 0 99999 1
1 99999 99999 99999 99999 99999 99999 99999 99999 99999 99999 99999 99999 99999 99999 99999 99999 99999 99999 99999 99999 99999 99999 99999 99999 99999 99999 99999 99999 99999 0 1
99999 1 1 1 1 1 1 1 1 1 1 1 1 1 1 1 1 1 1 1 1 1 1 1 1 1 1 1 1 1 1 0
EOF
